   3000.00000000000     
          28
  6.000000000000000E-002
  0.100000000000000     
  0.250000000000000     
  0.500000000000000     
  0.720000000000000     
   1.00000000000000     
   1.40000000000000     
   2.10000000000000     
   3.10000000000000     
   4.20000000000000     
   5.40000000000000     
   7.10000000000000     
   9.50000000000000     
   12.8000000000000     
   16.5000000000000     
   20.8000000000000     
   27.1000000000000     
   33.1000000000000     
   40.7000000000000     
   52.8000000000000     
   66.0000000000000     
   83.7000000000000     
   118.000000000000     
   148.000000000000     
   189.000000000000     
   279.000000000000     
   390.000000000000     
   567.000000000000     
           11
        3005.0         1000.0           -1.0
        3005.0          400.0           -1.0
        3005.0         -200.0           -1.0
        3005.0         -800.0           -1.0
        3005.0        -1400.0           -1.0
        3005.0        -2000.0           -1.0
        3005.0        -2600.0           -1.0
        3005.0        -3200.0           -1.0
        3005.0        -3800.0           -1.0
        3005.0        -4400.0           -1.0
        3005.0        -5000.0           -1.0
  0.94144490E-09 -0.29573499E-10  0.28283180E-09  0.15632116E-11  0.25196819E-12  0.19463698E-14  0.95311718E-14  0.70042804E-16 -0.43051352E-13  0.14974401E-14  0.12420928E-12  0.77844239E-15
  0.50968280E-09 -0.14819705E-10  0.25553801E-09  0.19572682E-11  0.13963262E-12  0.14578570E-14  0.96465548E-14  0.10469095E-15 -0.28293874E-13  0.10423599E-14  0.46803168E-13  0.93867066E-15
  0.26520456E-09 -0.91688087E-11  0.14475428E-09  0.15419802E-11  0.68492651E-13  0.99564020E-15  0.63949307E-14  0.10528693E-15 -0.18617318E-13  0.76992440E-15  0.24726397E-13  0.97626142E-15
  0.14430564E-09 -0.62516522E-11  0.74771062E-10  0.10742518E-11  0.33188875E-13  0.65130195E-15  0.39641699E-14  0.95662666E-16 -0.12829642E-13  0.57648413E-15  0.15108609E-13  0.97155232E-15
  0.83251870E-10 -0.44601775E-11  0.38715082E-10  0.73379204E-12  0.16366172E-13  0.41634113E-15  0.24976980E-14  0.84503305E-16 -0.92489571E-14  0.42902662E-15  0.10068684E-13  0.94476642E-15
  0.51120131E-10 -0.32384111E-11  0.20692511E-10  0.51229445E-12  0.82593890E-14  0.26263002E-15  0.16317312E-14  0.74162089E-16 -0.69310083E-14  0.31338297E-15  0.71162917E-14  0.90555507E-15
  0.33420048E-10 -0.23533658E-11  0.11535663E-10  0.37239555E-12  0.42617379E-14  0.16438879E-15  0.11074039E-14  0.65113401E-16 -0.53648179E-14  0.22157716E-15  0.52480644E-14  0.85976321E-15
  0.23188639E-10 -0.16902495E-11  0.67353389E-11  0.28363296E-12  0.22430302E-14  0.10244941E-15  0.77819313E-15  0.57324268E-16 -0.42652628E-14  0.14825309E-15  0.39961012E-14  0.81110525E-15
  0.16971604E-10 -0.11839388E-11  0.41249799E-11  0.22594861E-12  0.12013731E-14  0.63709314E-16  0.56373590E-15  0.50641874E-16 -0.34670123E-14  0.89486606E-16  0.31190172E-14  0.76192317E-15
  0.12998008E-10 -0.79316035E-12  0.26492785E-11  0.18703483E-12  0.65354936E-15  0.39589741E-16  0.41920368E-15  0.44901460E-16 -0.28704312E-14  0.42291942E-16  0.24824685E-14  0.71365661E-15
  0.10329447E-10 -0.48966289E-12  0.17809847E-11  0.15954454E-12  0.36058972E-15  0.24608923E-16  0.31880064E-15  0.39954853E-16 -0.24132448E-14  0.43582971E-17  0.20070651E-14  0.66715630E-15
  0.94394875E-09 -0.48027374E-10  0.28279759E-09  0.26011488E-11  0.25191891E-12  0.32419318E-14  0.95276483E-14  0.11595763E-15 -0.43424667E-13  0.22217697E-14  0.12414992E-12  0.12735799E-14
  0.51190438E-09 -0.23464351E-10  0.25547868E-09  0.32531815E-11  0.13958940E-12  0.24278977E-14  0.96395109E-14  0.17280199E-15 -0.28645785E-13  0.14678068E-14  0.46681862E-13  0.15127289E-14
  0.26713861E-09 -0.14088908E-10  0.14468470E-09  0.25568318E-11  0.68457393E-13  0.16577665E-14  0.63852971E-14  0.17295948E-15 -0.18939822E-13  0.10212688E-14  0.24553847E-13  0.15488944E-14
  0.14596334E-09 -0.92823880E-11  0.74698497E-10  0.17736584E-11  0.33161581E-13  0.10841329E-14  0.39527427E-14  0.15616980E-15 -0.13118183E-13  0.70895810E-15  0.14895413E-13  0.15164957E-14
  0.84650724E-10 -0.63614814E-11  0.38642584E-10  0.12031703E-11  0.16345837E-13  0.69279305E-15  0.24851121E-14  0.13691797E-15 -0.95015762E-14  0.47535808E-15  0.98247392E-14  0.14495819E-14
  0.52281124E-10 -0.43966867E-11  0.20621368E-10  0.83149409E-12  0.82446589E-14  0.43684513E-15  0.16184820E-14  0.11912824E-15 -0.71476350E-14  0.29636348E-15  0.68503852E-14  0.13644257E-14
  0.34365800E-10 -0.29972299E-11  0.11466491E-10  0.59631527E-12  0.42512871E-14  0.27331195E-15  0.10938699E-14  0.10358828E-15 -0.55466577E-14  0.15822823E-15  0.49677100E-14  0.12708310E-14
  0.23942009E-10 -0.19697590E-11  0.66684948E-11  0.44681534E-12  0.22357297E-14  0.17024445E-15  0.76465738E-15  0.90236966E-16 -0.44143212E-14  0.51626515E-16  0.37075547E-14  0.11749589E-14
  0.17554738E-10 -0.12041023E-11  0.40607125E-11  0.34951412E-12  0.11963324E-14  0.10580749E-15  0.55040533E-15  0.78811772E-16 -0.35857490E-14 -0.30322403E-16  0.28273809E-14  0.10806194E-14
  0.13431759E-10 -0.63018919E-12  0.25877711E-11  0.28384945E-12  0.65009958E-15  0.65707959E-16  0.40622578E-15  0.69029564E-16 -0.29615205E-14 -0.92878185E-16  0.21918324E-14  0.99007645E-15
  0.10633061E-10 -0.19994915E-12  0.17223682E-11  0.23752914E-12  0.35824427E-15  0.40815035E-16  0.30627721E-15  0.60634817E-16 -0.24794148E-14 -0.14012315E-15  0.17206544E-14  0.90458763E-15
  0.95639898E-09 -0.11255572E-09  0.28254790E-09  0.64513684E-11  0.25151964E-12  0.80642002E-14  0.95047374E-14  0.28110257E-15 -0.44757148E-13  0.41323632E-14  0.12383981E-12  0.29935121E-14
  0.52222255E-09 -0.51494801E-10  0.25505902E-09  0.80255455E-11  0.13923964E-12  0.60322413E-14  0.95947328E-14  0.41325097E-15 -0.29837129E-13  0.22985371E-14  0.46071144E-13  0.33731476E-14
  0.27540681E-09 -0.28589233E-10  0.14421465E-09  0.62382493E-11  0.68172462E-13  0.41115800E-14  0.63259073E-14  0.40481518E-15 -0.19948333E-13  0.12653008E-14  0.23720422E-13  0.32657219E-14
  0.15238103E-09 -0.17232382E-10  0.74234528E-10  0.42438280E-11  0.32941441E-13  0.26828321E-14  0.38847287E-14  0.35543701E-15 -0.13927693E-13  0.59221118E-15  0.13911899E-13  0.30137787E-14
  0.89448463E-10 -0.10662711E-10  0.38205908E-10  0.27904320E-11  0.16182216E-13  0.17097736E-14  0.24130266E-14  0.30143140E-15 -0.10113805E-13  0.13263783E-15  0.87546383E-14  0.27057614E-14
  0.55696487E-10 -0.65121912E-11  0.20218477E-10  0.18423801E-11  0.81264608E-14  0.10746948E-14  0.15456639E-14  0.25257564E-15 -0.75760339E-14 -0.18097264E-15  0.57457832E-14  0.23830482E-14
  0.36628667E-10 -0.37694492E-11  0.11098303E-10  0.12427542E-11  0.41676875E-14  0.66993723E-15  0.10226717E-14  0.21071937E-15 -0.58113642E-14 -0.38920770E-15  0.38689869E-14  0.20689352E-14
  0.25264918E-10 -0.19259868E-11  0.63339462E-11  0.86335911E-12  0.21775314E-14  0.41558224E-15  0.69665293E-15  0.17554433E-15 -0.45384316E-14 -0.52034904E-15  0.26443862E-14  0.17763762E-14
  0.18127479E-10 -0.68931317E-12  0.37580712E-11  0.61939833E-12  0.11563017E-14  0.25709510E-15  0.48657375E-15  0.14621146E-15 -0.35928036E-14 -0.59533196E-15  0.18203271E-14  0.15117588E-14
  0.13419252E-10  0.12626051E-12  0.23150927E-11  0.45846387E-12  0.62281650E-15  0.15884230E-15  0.34710521E-15  0.12183169E-15 -0.28739419E-14 -0.62993549E-15  0.12540594E-14  0.12773232E-14
  0.10175482E-10  0.64634117E-12  0.14776388E-11  0.34893673E-12  0.33977867E-15  0.98108563E-16  0.25208848E-15  0.10159734E-15 -0.23176302E-14 -0.63606583E-15  0.85954911E-15  0.10727877E-14
  0.98475709E-09 -0.21008256E-09  0.28179133E-09  0.12718752E-10  0.25016041E-12  0.15857792E-13  0.94469552E-14  0.53432279E-15 -0.46565601E-13  0.61962473E-14  0.12320987E-12  0.55572090E-14
  0.54381961E-09 -0.89358500E-10  0.25384828E-09  0.15681827E-10  0.13805337E-12  0.11815329E-13  0.94863471E-14  0.76824990E-15 -0.31280696E-13  0.26927061E-14  0.44914154E-13  0.58458165E-14
  0.29106706E-09 -0.45539429E-10  0.14295796E-09  0.11975470E-10  0.67211694E-13  0.80059292E-14  0.61900017E-14  0.72671245E-15 -0.20968209E-13  0.88011254E-15  0.22258853E-13  0.52444948E-14
  0.16320698E-09 -0.25089556E-10  0.73109080E-10  0.79055930E-11  0.32204757E-13  0.51847710E-14  0.37388358E-14  0.61003201E-15 -0.14536276E-13 -0.15821010E-15  0.12328285E-13  0.44570835E-14
  0.96500748E-10 -0.14236684E-10  0.37260589E-10  0.49598138E-11  0.15639648E-13  0.32744777E-14  0.22689966E-14  0.49078679E-15 -0.10364310E-13 -0.74944286E-15  0.71867057E-14  0.36629979E-14
  0.59917091E-10 -0.80709047E-11  0.19449867E-10  0.30572439E-11  0.77386284E-14  0.20365397E-14  0.14108813E-14  0.38779922E-15 -0.75406219E-14 -0.10562162E-14  0.42866603E-14  0.29359227E-14
  0.38810938E-10 -0.44644489E-11  0.10485190E-10  0.18752346E-11  0.38966241E-14  0.12542214E-14  0.90120028E-15  0.30369721E-15 -0.55655254E-14 -0.11791475E-14  0.25730914E-14  0.23067446E-14
  0.26047495E-10 -0.23509614E-11  0.58512463E-11  0.11498438E-11  0.19913041E-14  0.76743752E-15  0.59020652E-15  0.23668387E-15 -0.41514158E-14 -0.11864750E-14  0.15359994E-14  0.17831302E-14
  0.18003864E-10 -0.11365974E-11  0.33820437E-11  0.70534497E-12  0.10300517E-14  0.46754125E-15  0.39530103E-15  0.18398902E-15 -0.31228670E-14 -0.11253161E-14  0.90234824E-15  0.13599118E-14
  0.12756199E-10 -0.46766199E-12  0.20250117E-11  0.43216303E-12  0.53811965E-15  0.28398871E-15  0.27018992E-15  0.14289256E-15 -0.23668857E-14 -0.10277067E-14  0.51559335E-15  0.10255894E-14
  0.92348903E-11 -0.12589293E-12  0.12560758E-11  0.26352652E-12  0.28342912E-15  0.17214162E-15  0.18818361E-15  0.11101705E-15 -0.18073137E-14 -0.91474470E-15  0.28184894E-15  0.76635776E-15
  0.10158892E-08 -0.28783378E-09  0.28083042E-09  0.18093172E-10  0.24836830E-12  0.22340854E-13  0.93846924E-14  0.73969924E-15 -0.47895292E-13  0.75713552E-14  0.12260699E-12  0.76311924E-14
  0.56615051E-09 -0.11589509E-09  0.25236893E-09  0.22156521E-10  0.13649946E-12  0.16560917E-13  0.93742595E-14  0.10456374E-14 -0.32207687E-13  0.27038629E-14  0.43884983E-13  0.76626720E-14
  0.30625250E-09 -0.55308952E-10  0.14151638E-09  0.16704391E-10  0.65965939E-13  0.11136352E-13  0.60572490E-14  0.96325753E-15 -0.21477651E-13  0.35279457E-15  0.21060312E-13  0.65192733E-14
  0.17308851E-09 -0.28483095E-10  0.71925054E-10  0.10803750E-10  0.31262124E-13  0.71427288E-14  0.36055065E-14  0.78185361E-15 -0.14688695E-13 -0.85131847E-15  0.11142198E-13  0.52273936E-14
  0.10265527E-09 -0.15259809E-10  0.36370527E-10  0.65748918E-11  0.14956383E-13  0.44590929E-14  0.21467357E-14  0.60507201E-15 -0.10250852E-13 -0.14208094E-14  0.61260047E-14  0.40356746E-14
  0.63588048E-10 -0.83929977E-11  0.18819542E-10  0.38812890E-11  0.72591589E-14  0.27361702E-14  0.13052887E-14  0.45829068E-15 -0.72554395E-14 -0.16175929E-14  0.34066054E-14  0.30274645E-14
  0.40920046E-10 -0.47585233E-11  0.10061179E-10  0.22425560E-11  0.35684359E-14  0.16593509E-14  0.81389515E-15  0.34332558E-15 -0.51898589E-14 -0.16006261E-14  0.18868651E-14  0.22200850E-14
  0.27239380E-10 -0.28378181E-11  0.55813649E-11  0.12673095E-11  0.17710129E-14  0.99786410E-15  0.52041522E-15  0.25576957E-15 -0.37469976E-14 -0.14713023E-14  0.10303241E-14  0.15990001E-14
  0.18703224E-10 -0.18355664E-11  0.32223077E-11  0.69508199E-12  0.88449115E-15  0.59626138E-15  0.34100130E-15  0.19015486E-15 -0.27315036E-14 -0.12933076E-14  0.55028299E-15  0.11359292E-14
  0.13224711E-10 -0.13193551E-11  0.19409922E-11  0.36372291E-12  0.44317687E-15  0.35448107E-15  0.22887497E-15  0.14147894E-15 -0.20133146E-14 -0.11046721E-14  0.28560368E-15  0.79921642E-15
  0.96207263E-11 -0.10521216E-11  0.12220718E-11  0.17494506E-12  0.22217519E-15  0.20984040E-15  0.15732818E-15  0.10559654E-15 -0.15032633E-14 -0.92628655E-15  0.14343515E-15  0.55930703E-15
  0.10615234E-08 -0.37687098E-09  0.27924433E-09  0.24751436E-10  0.24550001E-12  0.29988834E-13  0.92951141E-14  0.98325287E-15 -0.49418281E-13  0.90310234E-14  0.12178951E-12  0.10113479E-13
  0.59718173E-09 -0.14159269E-09  0.24999168E-09  0.30079221E-10  0.13403528E-12  0.22053853E-13  0.92187846E-14  0.13644025E-14 -0.33139257E-13  0.25381983E-14  0.42578208E-13  0.96838556E-14
  0.32619757E-09 -0.61794461E-10  0.13929867E-09  0.22374407E-10  0.64018741E-13  0.14655774E-13  0.58822666E-14  0.12215209E-14 -0.21856901E-13 -0.35961488E-15  0.19645375E-13  0.77987542E-14
  0.18543827E-09 -0.28748974E-10  0.70209858E-10  0.14185823E-10  0.29816015E-13  0.92608949E-14  0.34398996E-14  0.95670657E-15 -0.14651008E-13 -0.16493291E-14  0.98499906E-14  0.58879079E-14
  0.11012727E-09 -0.13946025E-10  0.35178768E-10  0.84016752E-11  0.13931470E-13  0.56796281E-14  0.20044621E-14  0.71112620E-15 -0.99505367E-14 -0.21035785E-14  0.50688917E-14  0.42638467E-14
  0.68110907E-10 -0.71354031E-11  0.18057753E-10  0.47869472E-11  0.65584061E-14  0.34142151E-14  0.11906761E-14  0.51610687E-15 -0.68265057E-14 -0.21181651E-14  0.26124692E-14  0.29940124E-14
  0.43764116E-10 -0.40028347E-11  0.96147032E-11  0.26438882E-11  0.31026961E-14  0.20227744E-14  0.72579849E-15  0.37036261E-15 -0.47300060E-14 -0.19212691E-14  0.13329960E-14  0.20549911E-14
  0.29181903E-10 -0.25731140E-11  0.53492130E-11  0.14111750E-11  0.14685031E-14  0.11849678E-14  0.45508144E-15  0.26471238E-15 -0.33168189E-14 -0.16450005E-14  0.67081089E-15  0.13889215E-14
  0.20183066E-10 -0.19107175E-11  0.31266286E-11  0.71874293E-12  0.69175531E-15  0.68773447E-15  0.29386746E-15  0.18943587E-15 -0.23614079E-14 -0.13612977E-14  0.33437311E-15  0.93136238E-15
  0.14466971E-10 -0.15750150E-11  0.19263730E-11  0.33923723E-12  0.32241952E-15  0.39589991E-15  0.19556814E-15  0.13631321E-15 -0.17127167E-14 -0.11048014E-14  0.16784751E-15  0.62457764E-15
  0.10726760E-10 -0.13669029E-11  0.12513968E-11  0.13753690E-12  0.14764661E-15  0.22618138E-15  0.13412499E-15  0.98976481E-16 -0.12689863E-14 -0.88830084E-15  0.87849087E-16  0.42236538E-15
  0.11339915E-08 -0.48682702E-09  0.27632088E-09  0.33888630E-10  0.24068743E-12  0.39743046E-13  0.91513976E-14  0.13035137E-14 -0.51447512E-13  0.10748854E-13  0.12052439E-12  0.13433920E-13
  0.64295580E-09 -0.16486953E-09  0.24571092E-09  0.40770980E-10  0.12995975E-12  0.28853876E-13  0.89790347E-14  0.17689077E-14 -0.34198964E-13  0.21106261E-14  0.40696459E-13  0.12179706E-13
  0.35320088E-09 -0.61653283E-10  0.13544655E-09  0.29832521E-10  0.60869224E-13  0.18814843E-13  0.56269681E-14  0.15311091E-14 -0.22112358E-13 -0.13718549E-14  0.17764040E-13  0.92070008E-14
  0.20072952E-09 -0.22976551E-10  0.67365212E-10  0.18501843E-10  0.27543189E-13  0.11610632E-13  0.32132347E-14  0.11507938E-14 -0.14384626E-13 -0.26343664E-14  0.82739443E-14  0.64885777E-14
  0.11865949E-09 -0.81376135E-11  0.33307804E-10  0.10670489E-10  0.12375081E-13  0.69244232E-14  0.18226352E-14  0.81771394E-15 -0.94233598E-14 -0.28478696E-14  0.38937640E-14  0.43744311E-14
  0.73004371E-10 -0.27239958E-11  0.16934115E-10  0.59037541E-11  0.55357017E-14  0.40312950E-14  0.10541548E-14  0.56698431E-15 -0.62275944E-14 -0.25941406E-14  0.18122613E-14  0.28613763E-14
  0.46811491E-10 -0.99398676E-12  0.90000134E-11  0.31664365E-11  0.24528542E-14  0.23037783E-14  0.62788719E-15  0.38962616E-15 -0.41708068E-14 -0.21784855E-14  0.82865543E-15  0.18380167E-14
  0.31320828E-10 -0.58809693E-12  0.50526926E-11  0.16488811E-11  0.10671328E-14  0.12964867E-14  0.38701845E-15  0.26796551E-15 -0.28473865E-14 -0.17522074E-14  0.37426368E-15  0.11734955E-14
  0.21855872E-10 -0.56877744E-12  0.30141146E-11  0.83019514E-12  0.44998263E-15  0.71981044E-15  0.24742945E-15  0.18576064E-15 -0.19922697E-14 -0.13794203E-14  0.17060813E-15  0.75387507E-15
  0.15859356E-10 -0.60180530E-12  0.19113322E-11  0.39977174E-12  0.18011817E-15  0.39461874E-15  0.16409877E-15  0.13048631E-15 -0.14337013E-14 -0.10780517E-14  0.81945051E-16  0.49300607E-15
  0.11908374E-10 -0.59662661E-12  0.12819184E-11  0.17976912E-12  0.65755978E-16  0.21366564E-15  0.11269606E-15  0.93211665E-16 -0.10621440E-14 -0.84446431E-15  0.43844456E-16  0.33128780E-15
  0.12698667E-08 -0.63917285E-09  0.26956845E-09  0.48657573E-10  0.23137294E-12  0.53987998E-13  0.88645898E-14  0.17988526E-14 -0.54827377E-13  0.12981264E-13  0.11804737E-12  0.18730709E-13
  0.71836687E-09 -0.17710060E-09  0.23608359E-09  0.57499905E-10  0.12225966E-12  0.38288838E-13  0.85231698E-14  0.23631068E-14 -0.35594753E-13  0.10177531E-14  0.37328874E-13  0.15718884E-13
  0.39051872E-09 -0.43890112E-10  0.12710835E-09  0.40929807E-10  0.55134175E-13  0.24128132E-13  0.51730777E-14  0.19499216E-14 -0.22096742E-13 -0.30751898E-14  0.14715694E-13  0.10865566E-13
  0.21742397E-09 -0.31872128E-11  0.61469573E-10  0.24535397E-10  0.23594335E-13  0.14274070E-13  0.28397103E-14  0.13852182E-14 -0.13631486E-13 -0.40374475E-14  0.59750900E-14  0.69548553E-14
  0.12540165E-09  0.70748340E-11  0.29588936E-10  0.13639135E-10  0.98173519E-14  0.81047919E-14  0.15455093E-14  0.92785648E-15 -0.84309710E-14 -0.37532174E-14  0.23547560E-14  0.42524572E-14
  0.75492124E-10  0.76846212E-11  0.14767444E-10  0.72890458E-11  0.39588329E-14  0.44635329E-14  0.86105298E-15  0.60801750E-15 -0.52795242E-14 -0.30767465E-14  0.86860275E-15  0.25346516E-14
  0.47722578E-10  0.59030120E-11  0.78164230E-11  0.38096751E-11  0.15203396E-14  0.23978876E-14  0.49818859E-15  0.39753661E-15 -0.33846910E-14 -0.23804481E-14  0.28626771E-15  0.15007489E-14
  0.31740374E-10  0.40581675E-11  0.44429843E-11  0.19692257E-11  0.53567407E-15  0.12604944E-14  0.30132165E-15  0.26259609E-15 -0.22424052E-14 -0.17976050E-14  0.74670690E-16  0.89893773E-15
  0.22141944E-10  0.27011932E-11  0.27180732E-11  0.10170556E-11  0.15744618E-15  0.64928612E-15  0.19075298E-15  0.17666226E-15 -0.15430668E-14 -0.13516622E-14  0.62651388E-17  0.55334630E-15
  0.16092961E-10  0.18167019E-11  0.17767772E-11  0.53105377E-12  0.24627358E-16  0.32777706E-15  0.12604511E-15  0.12158657E-15 -0.11030043E-14 -0.10242236E-14 -0.11421535E-16  0.35367355E-15
  0.12092447E-10  0.12650970E-11  0.12256307E-11  0.28439242E-12 -0.13822643E-16  0.16200368E-15  0.86503435E-16  0.85740582E-16 -0.81606351E-15 -0.78712075E-15 -0.13315717E-16  0.23552938E-15
  0.14653097E-08 -0.79048115E-09  0.25718240E-09  0.66678684E-10  0.21773017E-12  0.69804887E-13  0.84005974E-14  0.23807736E-14 -0.59376420E-13  0.14850946E-13  0.11404572E-12  0.25316325E-13
  0.80487469E-09 -0.15519423E-09  0.21907845E-09  0.76572145E-10  0.11137015E-12  0.47950589E-13  0.78266163E-14  0.30046923E-14 -0.36844063E-13 -0.10043382E-14  0.32458549E-13  0.19324766E-13
  0.41868345E-09 -0.11637910E-11  0.11314708E-09  0.52224304E-10  0.47441012E-13  0.28851311E-13  0.45324023E-14  0.23414045E-14 -0.21420036E-13 -0.52747259E-14  0.10827629E-13  0.11968979E-13
  0.22074882E-09  0.29543987E-10  0.52177426E-10  0.29739167E-10  0.18637647E-13  0.16130348E-13  0.23572822E-14  0.15585636E-14 -0.12240465E-13 -0.54865164E-14  0.34159762E-14  0.68067151E-14
  0.12074968E-09  0.27510866E-10  0.24067690E-10  0.15654258E-10  0.68482881E-14  0.85807754E-14  0.12182251E-14  0.97814715E-15 -0.70186475E-14 -0.44716845E-14  0.87080830E-15  0.36921542E-14
  0.69784259E-10  0.19525317E-10  0.11708432E-10  0.79445273E-11  0.22852445E-14  0.43914142E-14  0.65109948E-15  0.60429431E-15 -0.41224552E-14 -0.33211128E-14  0.83569250E-16  0.19657478E-14
  0.43080857E-10  0.12719540E-10  0.61936321E-11  0.39831849E-11  0.62663395E-15  0.21738288E-14  0.36663824E-15  0.37637520E-15 -0.25259891E-14 -0.23818194E-14 -0.10352909E-15  0.10563972E-14
  0.28408117E-10  0.81504264E-11  0.36004425E-11  0.20126674E-11  0.82699985E-16  0.10429473E-14  0.21881377E-15  0.23967429E-15 -0.16316674E-14 -0.17011988E-14 -0.11270801E-15  0.58786824E-15
  0.19829874E-10  0.53308977E-11  0.22800599E-11  0.10456513E-11 -0.59701433E-16  0.48461362E-15  0.13802207E-15  0.15716520E-15 -0.11119094E-14 -0.12309812E-14 -0.84182026E-16  0.34488210E-15
  0.14474459E-10  0.36269899E-11  0.15427664E-11  0.57001290E-12 -0.72700742E-16  0.21728569E-15  0.91344061E-16  0.10634627E-15 -0.79430719E-15 -0.90965904E-15 -0.56913303E-16  0.21468475E-15
  0.10928021E-10  0.25807721E-11  0.10936091E-11  0.33163917E-12 -0.53504361E-16  0.93283024E-16  0.62906093E-16  0.74166557E-16 -0.58958229E-15 -0.68795499E-15 -0.37744209E-16  0.14126733E-15
  0.16676077E-08 -0.89344665E-09  0.24131102E-09  0.82168884E-10  0.20320763E-12  0.83068481E-13  0.78530802E-14  0.28703366E-14 -0.63911393E-13  0.15590071E-13  0.10924841E-12  0.31390698E-13
  0.86815214E-09 -0.10414057E-09  0.19834217E-09  0.91109504E-10  0.10022837E-12  0.55251814E-13  0.70527267E-14  0.34779564E-14 -0.37381396E-13 -0.34773288E-14  0.27287480E-13  0.21746426E-13
  0.42171715E-09  0.48489412E-10  0.97303138E-10  0.59014539E-10  0.40022051E-13  0.31730565E-13  0.38783209E-14  0.25611411E-14 -0.20113143E-13 -0.72454301E-14  0.72595621E-14  0.12027124E-13
  0.20679619E-09  0.58155271E-10  0.42497465E-10  0.31609619E-10  0.14201002E-13  0.16757564E-13  0.19099215E-14  0.16023116E-14 -0.10575492E-13 -0.64351284E-14  0.14371327E-14  0.60469182E-14
  0.10659603E-09  0.40960717E-10  0.18829560E-10  0.15596741E-10  0.44174256E-14  0.83444891E-14  0.94322306E-15  0.94790560E-15 -0.56282032E-14 -0.47166500E-14 -0.63336976E-16  0.28936579E-14
  0.59599178E-10  0.25142393E-10  0.90716525E-11  0.74462611E-11  0.10528736E-14  0.39602211E-14  0.49034221E-15  0.55718185E-15 -0.31353122E-14 -0.32306675E-14 -0.29713267E-15  0.13726002E-14
  0.36581573E-10  0.14966397E-10  0.49164558E-11  0.35557658E-11  0.48369369E-16  0.17980013E-14  0.27368021E-15  0.33443364E-15 -0.18727304E-14 -0.21841449E-14 -0.23464222E-15  0.67399432E-15
  0.24396367E-10  0.91324565E-11  0.29849748E-11  0.17506502E-11 -0.16527783E-15  0.77972624E-15  0.16406109E-15  0.20789320E-15 -0.12066073E-14 -0.15003820E-14 -0.14661067E-15  0.35589289E-15
  0.17307988E-10  0.58838356E-11  0.19729202E-11  0.91516900E-12 -0.15316215E-15  0.32056807E-15  0.10454639E-15  0.13446755E-15 -0.83049739E-15 -0.10612576E-14 -0.86107901E-16  0.20587077E-15
  0.12811424E-10  0.40346517E-11  0.13768293E-11  0.51954742E-12 -0.99998674E-16  0.12282110E-15  0.69926612E-16  0.90376575E-16 -0.60120920E-15 -0.77523120E-15 -0.51027025E-16  0.12971480E-15
  0.97661842E-11  0.29242027E-11  0.99338890E-12  0.32263641E-12 -0.55849283E-16  0.42186738E-16  0.48574046E-16  0.62856267E-16 -0.45151325E-15 -0.58339296E-15 -0.31595597E-16  0.87313271E-16
  0.18657763E-08 -0.95409605E-09  0.22291011E-09  0.94254379E-10  0.18825346E-12  0.94194127E-13  0.72499787E-14  0.32517617E-14 -0.68217168E-13  0.15309843E-13  0.10379776E-12  0.36817046E-13
  0.90391141E-09 -0.37396698E-10  0.17566465E-09  0.10032535E-09  0.89206027E-13  0.60663484E-13  0.62517211E-14  0.37764647E-14 -0.37177331E-13 -0.61307272E-14  0.22121436E-13  0.23017780E-13
  0.40353820E-09  0.93264201E-10  0.81405405E-10  0.61247013E-10  0.33110439E-13  0.33246429E-13  0.32585723E-14  0.26262941E-14 -0.18347485E-13 -0.87997727E-14  0.42362368E-14  0.11280858E-13
  0.18290998E-09  0.76230510E-10  0.33759436E-10  0.30619345E-10  0.10374015E-13  0.16576211E-13  0.15270834E-14  0.15474904E-14 -0.88553761E-14 -0.68647823E-14  0.86396011E-16  0.49677437E-14
  0.89819714E-10  0.45543565E-10  0.14638377E-10  0.14078353E-10  0.25123140E-14  0.77146767E-14  0.73135507E-15  0.86827809E-15 -0.44148084E-14 -0.45845512E-14 -0.52651361E-15  0.20820630E-14
  0.49888004E-10  0.25095268E-10  0.72178521E-11  0.63155192E-11  0.19876527E-15  0.33833135E-14  0.37795323E-15  0.49075363E-15 -0.23863875E-14 -0.29360571E-14 -0.39668937E-15  0.88443147E-15
  0.31301683E-10  0.14044129E-10  0.41234278E-11  0.28939293E-11 -0.28935281E-15  0.13982241E-14  0.21352010E-15  0.28773621E-15 -0.14304941E-14 -0.19030882E-14 -0.22193155E-15  0.40925285E-15
  0.21454268E-10  0.84277126E-11  0.26351868E-11  0.14141631E-11 -0.27444559E-15  0.53947252E-15  0.13030515E-15  0.17702341E-15 -0.94095113E-15 -0.12805061E-14 -0.11513508E-15  0.21673819E-15
  0.15520922E-10  0.55157035E-11  0.17996688E-11  0.76219309E-12 -0.17323650E-15  0.18956132E-15  0.84301757E-16  0.11424378E-15 -0.66171456E-15 -0.89991332E-15 -0.61173477E-16  0.13073323E-15
  0.11605150E-10  0.38899505E-11  0.12741943E-11  0.45794046E-12 -0.91919801E-16  0.56897267E-16  0.56945647E-16  0.76885972E-16 -0.48633630E-15 -0.65774445E-15 -0.35152465E-16  0.86247983E-16
  0.88796415E-11  0.28922295E-11  0.92187700E-12  0.30217749E-12 -0.43037316E-16  0.11507104E-16  0.39774848E-16  0.53587753E-16 -0.36841984E-15 -0.49631905E-15 -0.22125317E-16  0.59946081E-16
  0.21034534E-08 -0.98045107E-09  0.19714143E-09  0.10415879E-09  0.16869261E-12  0.10586909E-12  0.64366631E-14  0.35766070E-14 -0.73175219E-13  0.13683496E-13  0.96042969E-13  0.42734465E-13
  0.91029376E-09  0.54040284E-10  0.14627993E-09  0.10439369E-09  0.75450179E-13  0.65400242E-13  0.52513827E-14  0.39224982E-14 -0.35904698E-13 -0.94397547E-14  0.15873140E-13  0.23161331E-13
  0.35969028E-09  0.13329281E-09  0.63057625E-10  0.58514172E-10  0.25075563E-13  0.33731650E-13  0.25647345E-14  0.25331729E-14 -0.15720241E-13 -0.10047399E-13  0.13145271E-14  0.95774479E-14
  0.14873733E-09  0.82540013E-10  0.25036853E-10  0.26574854E-10  0.63209480E-14  0.15597884E-13  0.11489955E-14  0.13893805E-14 -0.68404296E-14 -0.67721476E-14 -0.83094799E-15  0.35025847E-14
  0.71545343E-10  0.41552109E-10  0.11106850E-10  0.11148834E-10  0.72712747E-15  0.66350865E-14  0.54665922E-15  0.73813940E-15 -0.32348121E-14 -0.40810897E-14 -0.65133557E-15  0.12361147E-14
  0.41380813E-10  0.20631146E-10  0.59153963E-11  0.46722860E-11 -0.47334086E-15  0.26115344E-14  0.28945298E-15  0.40469942E-15 -0.17634811E-14 -0.24557616E-14 -0.32054359E-15  0.47698093E-15
  0.27295851E-10  0.11231170E-10  0.36441756E-11  0.20913898E-11 -0.48497815E-15  0.94225244E-15  0.16872195E-15  0.23508078E-15 -0.11000787E-14 -0.15515450E-14 -0.14076818E-15  0.22672546E-15
  0.19267331E-10  0.69527054E-11  0.24283645E-11  0.10536595E-11 -0.29691489E-15  0.30167773E-15  0.10527610E-15  0.14498127E-15 -0.74992291E-15 -0.10418574E-14 -0.64758157E-16  0.13231315E-15
  0.14075661E-10  0.47740983E-11  0.16791865E-11  0.60732379E-12 -0.14864158E-15  0.77734077E-16  0.68860797E-16  0.94097477E-16 -0.53782463E-15 -0.73722075E-15 -0.34423472E-16  0.86428499E-16
  0.10523443E-10  0.34914587E-11  0.11853370E-11  0.39140707E-12 -0.64390031E-16  0.95680406E-17  0.46696888E-16  0.63621226E-16 -0.39825043E-15 -0.54257226E-15 -0.21210725E-16  0.59125431E-16
  0.80285315E-11  0.26471109E-11  0.85047965E-12  0.27166030E-12 -0.23620504E-16 -0.60067742E-17  0.32644680E-16  0.44462019E-16 -0.30222892E-15 -0.41119101E-15 -0.14336696E-16  0.41415961E-16
  0.23600401E-08 -0.95054073E-09  0.16445336E-09  0.10755136E-09  0.14398371E-12  0.11694051E-12  0.54342116E-14  0.37338953E-14 -0.78156548E-13  0.10086876E-13  0.85545380E-13  0.48355336E-13
  0.86578723E-09  0.15326118E-09  0.11306458E-09  0.98903307E-10  0.59114575E-13  0.68529217E-13  0.41447378E-14  0.37995780E-14 -0.33029118E-13 -0.12906787E-13  0.91940768E-14  0.21487958E-13
  0.29287608E-09  0.14968823E-09  0.45659718E-10  0.49264150E-10  0.16392824E-13  0.32719422E-13  0.19065603E-14  0.22438219E-14 -0.12413498E-13 -0.10437789E-13 -0.82521628E-15  0.70011580E-14
  0.11406755E-09  0.70449238E-10  0.18461749E-10  0.19768138E-10  0.24687185E-14  0.13733503E-13  0.84702520E-15  0.11438256E-14 -0.49185435E-14 -0.59990136E-14 -0.10618751E-14  0.19950582E-14
  0.58416142E-10  0.29673429E-10  0.91018154E-11  0.74994426E-11 -0.68524890E-15  0.51906685E-14  0.41984193E-15  0.58479186E-15 -0.23481503E-14 -0.32900855E-14 -0.46145344E-15  0.60046333E-15
  0.36731207E-10  0.13989609E-10  0.53681965E-11  0.30048988E-11 -0.85828957E-15  0.17602195E-14  0.23310615E-15  0.31883253E-15 -0.13690680E-14 -0.19176315E-14 -0.16114809E-15  0.24821662E-15
  0.25148059E-10  0.80742252E-11  0.34616855E-11  0.13829256E-11 -0.51676114E-15  0.51648296E-15  0.13950954E-15  0.18707652E-15 -0.89904538E-15 -0.12195805E-14 -0.60402090E-16  0.14206205E-15
  0.17798694E-10  0.54050339E-11  0.23171632E-11  0.75227010E-12 -0.24427335E-15  0.11524449E-15  0.87705823E-16  0.11661143E-15 -0.62449855E-15 -0.83188190E-15 -0.29908951E-16  0.91885401E-16
  0.12898460E-10  0.38837399E-11  0.15837499E-11  0.46880855E-12 -0.97488190E-16  0.67067965E-17  0.57335221E-16  0.76140820E-16 -0.44853397E-15 -0.59484160E-15 -0.18651122E-16  0.60887353E-16
  0.95733600E-11  0.28866947E-11  0.11022857E-11  0.31812330E-12 -0.31790569E-16 -0.12660712E-16  0.38809375E-16  0.51596450E-16 -0.33124558E-15 -0.43967860E-15 -0.12672673E-16  0.40969717E-16
  0.72737351E-11  0.21953590E-11  0.78174489E-12  0.22634539E-12 -0.64095109E-17 -0.10419380E-16  0.27103570E-16  0.36077358E-16 -0.25091171E-15 -0.33358083E-15 -0.88250054E-17  0.28246609E-16
  0.25923938E-08 -0.85582021E-09  0.12921094E-09  0.10018519E-09  0.11449099E-12  0.12567860E-12  0.43690527E-14  0.36230046E-14 -0.82007113E-13  0.43129377E-14  0.72561111E-13  0.52424512E-13
  0.76446988E-09  0.22339528E-09  0.82885583E-10  0.82017417E-10  0.41081255E-13  0.69077595E-13  0.31339774E-14  0.33716078E-14 -0.28490260E-13 -0.15534287E-13  0.33817074E-14  0.17825255E-13
  0.22399290E-09  0.12830940E-09  0.33643329E-10  0.35149909E-10  0.79012030E-14  0.30010484E-13  0.14204854E-14  0.18185572E-14 -0.91372519E-14 -0.96188033E-14 -0.16358847E-14  0.42253081E-14
  0.92750430E-10  0.44416947E-10  0.15424519E-10  0.12287409E-10 -0.69802645E-15  0.11168531E-13  0.66696003E-15  0.88316792E-15 -0.35706406E-14 -0.47662691E-14 -0.71809036E-15  0.93071339E-15
  0.53932389E-10  0.16477690E-10  0.86088433E-11  0.43063381E-11 -0.15533976E-14  0.36227410E-14  0.35166236E-15  0.45127578E-15 -0.18765528E-14 -0.24959126E-14 -0.18623886E-15  0.30873344E-15
  0.35335263E-10  0.85267790E-11  0.53023965E-11  0.17366459E-11 -0.94881641E-15  0.99369643E-15  0.20020352E-15  0.25078533E-15 -0.11685785E-14 -0.14808029E-14 -0.49590882E-16  0.17110681E-15
  0.23919887E-10  0.55615483E-11  0.33997415E-11  0.85712520E-12 -0.42883583E-15  0.19991453E-15  0.11980016E-15  0.14925303E-15 -0.77619662E-15 -0.96576106E-15 -0.23146542E-16  0.10719291E-15
  0.16641444E-10  0.39099880E-11  0.22338960E-11  0.50477947E-12 -0.15923898E-15  0.53478757E-17  0.74892366E-16  0.93501776E-16 -0.53525799E-15 -0.66622109E-15 -0.15301103E-16  0.66958232E-16
  0.11944217E-10  0.28287589E-11  0.15007175E-11  0.33228255E-12 -0.46827980E-16 -0.22689531E-16  0.48799089E-16  0.61078163E-16 -0.38212258E-15 -0.47730404E-15 -0.10348841E-16  0.42557532E-16
  0.88320232E-11  0.20970956E-11  0.10312203E-11  0.23168801E-12 -0.73766619E-17 -0.16113165E-16  0.33004535E-16  0.41369778E-16 -0.28164053E-15 -0.35258277E-15 -0.69323196E-17  0.28097266E-16
  0.67023554E-11  0.15919732E-11  0.72525651E-12  0.16629660E-12  0.36665477E-17 -0.79163202E-17  0.23053619E-16  0.28919893E-16 -0.21333359E-15 -0.26737680E-15 -0.47300247E-17  0.19295711E-16
  0.27361126E-08 -0.73725492E-09  0.10222315E-09  0.84631830E-10  0.86108879E-13  0.12985313E-12  0.35461808E-14  0.33100349E-14 -0.83486413E-13 -0.19761618E-14  0.60227927E-13  0.53774377E-13
  0.65136951E-09  0.23225265E-09  0.64640267E-10  0.61112771E-10  0.25162143E-13  0.66931867E-13  0.24883087E-14  0.28478571E-14 -0.23834626E-13 -0.16389347E-13  0.32444468E-16  0.13670047E-13
  0.18412175E-09  0.85552997E-10  0.28951053E-10  0.22529249E-10  0.13664297E-14  0.26424890E-13  0.11792895E-14  0.14517315E-14 -0.69897209E-14 -0.81665381E-14 -0.13804739E-14  0.23649482E-14
  0.88380362E-10  0.21822700E-10  0.15030752E-10  0.69883197E-11 -0.26620933E-14  0.86694553E-14  0.59030556E-15  0.70338083E-15 -0.29772252E-14 -0.37298135E-14 -0.31275607E-15  0.51175417E-15
  0.54153422E-10  0.84293656E-11  0.87422776E-11  0.23134407E-11 -0.18752996E-14  0.23626710E-14  0.31803227E-15  0.36782592E-15 -0.16922759E-14 -0.19884942E-14 -0.45206363E-16  0.24122903E-15
  0.34738848E-10  0.52243230E-11  0.53412988E-11  0.93805710E-12 -0.86069626E-15  0.48021932E-15  0.17999112E-15  0.20738516E-15 -0.10599461E-14 -0.12167077E-14 -0.15921650E-16  0.14344718E-15
  0.23021972E-10  0.35981308E-11  0.33662802E-11  0.48762893E-12 -0.31386664E-15  0.28442283E-16  0.10689459E-15  0.12373430E-15 -0.69527782E-15 -0.80113931E-15 -0.12160288E-16  0.83601047E-16
  0.15882628E-10  0.25250869E-11  0.21787277E-11  0.30615957E-12 -0.90286794E-16 -0.37883134E-16  0.66651783E-16  0.77418810E-16 -0.47652496E-15 -0.55214399E-15 -0.82621022E-17  0.49804255E-16
  0.11374166E-10  0.18196225E-11  0.14469349E-11  0.21074043E-12 -0.15120768E-16 -0.27182588E-16  0.43431225E-16  0.50528151E-16 -0.33994567E-15 -0.39493776E-15 -0.52560929E-17  0.31321937E-16
  0.84042555E-11  0.13489350E-11  0.98658605E-12  0.14992734E-12  0.47501101E-17 -0.12663798E-16  0.29384856E-16  0.34217478E-16 -0.25069184E-15 -0.29161017E-15 -0.34268273E-17  0.20722686E-16
  0.63747899E-11  0.10246168E-11  0.69088724E-12  0.10811838E-12  0.74969039E-17 -0.47406125E-17  0.20530579E-16  0.23923659E-16 -0.18996054E-15 -0.22115257E-15 -0.23353040E-17  0.14257518E-16
  0.28050628E-08 -0.62152300E-09  0.83284989E-10  0.64477536E-10  0.57898022E-13  0.12975949E-12  0.29409574E-14  0.28993643E-14 -0.82895963E-13 -0.82795055E-14  0.48633505E-13  0.52868505E-13
  0.55170334E-09  0.19091398E-09  0.55406725E-10  0.40281222E-10  0.10694915E-13  0.62416874E-13  0.21039914E-14  0.23465529E-14 -0.19604551E-13 -0.15845979E-13 -0.14594979E-14  0.97564754E-14
  0.17002900E-09  0.40367553E-10  0.28073662E-10  0.12477491E-10 -0.37494338E-14  0.22171551E-13  0.10629069E-14  0.11750469E-14 -0.57565559E-14 -0.66420247E-14 -0.78584877E-15  0.13319191E-14
  0.90893091E-10  0.65505462E-11  0.15443026E-10  0.32469369E-11 -0.38236503E-14  0.62667443E-14  0.54789157E-15  0.58297242E-15 -0.27290415E-14 -0.29960560E-14 -0.63295138E-16  0.39450303E-15
  0.54633658E-10  0.33238600E-11  0.89625721E-11  0.87829027E-12 -0.18855496E-14  0.13370510E-14  0.29319689E-15  0.31025984E-15 -0.15782609E-14 -0.16621122E-14 -0.65516329E-18  0.21547951E-15
  0.34115601E-10  0.24249525E-11  0.54002811E-11  0.30959637E-12 -0.69797606E-15  0.13007042E-15  0.16447598E-15  0.17524518E-15 -0.97304354E-15 -0.10298634E-14 -0.63445626E-17  0.11678255E-15
  0.22412326E-10  0.16829769E-11  0.33571032E-11  0.17376882E-12 -0.20276435E-15 -0.63102819E-16  0.97470048E-16  0.10432356E-15 -0.63395114E-15 -0.67641694E-15 -0.53155106E-17  0.64420521E-16
  0.15435721E-10  0.11846829E-11  0.21468528E-11  0.12713872E-12 -0.38368757E-16 -0.50706596E-16  0.60805175E-16  0.65205721E-16 -0.43449708E-15 -0.46515519E-15 -0.31874698E-17  0.38170064E-16
  0.11044712E-10  0.86040324E-12  0.14133842E-11  0.96154003E-13  0.43319070E-17 -0.23149308E-16  0.39637665E-16  0.42554703E-16 -0.31020797E-15 -0.33260045E-15 -0.19489760E-17  0.24124812E-16
  0.81552611E-11  0.64037058E-12  0.95900777E-12  0.71000007E-13  0.10647898E-16 -0.81945221E-17  0.26824565E-16  0.28822427E-16 -0.22882435E-15 -0.24560671E-15 -0.12770108E-17  0.15984406E-16
  0.61836373E-11  0.48675608E-12  0.67004958E-12  0.51635868E-13  0.87897082E-17 -0.22930912E-17  0.18742045E-16  0.20148907E-16 -0.17339855E-15 -0.18627492E-15 -0.87585665E-18  0.10991251E-16
  0.28027060E-08 -0.51893032E-09  0.70346018E-10  0.37813478E-10  0.24032151E-13  0.12318420E-12  0.24582698E-14  0.23799190E-14 -0.79716978E-13 -0.15263660E-13  0.35998779E-13  0.49184384E-13
  0.47158855E-09  0.96209967E-10  0.52352571E-10  0.18006786E-10 -0.47904532E-14  0.53703982E-13  0.18598109E-14  0.18515448E-14 -0.15567900E-13 -0.13933118E-13 -0.15672858E-14  0.59871305E-14
  0.17461627E-09 -0.34106489E-11  0.29149729E-10  0.32078215E-11 -0.81676434E-14  0.16257882E-13  0.98693035E-15  0.94535942E-15 -0.50655577E-14 -0.51264812E-14 -0.16381150E-15  0.83522631E-15
  0.94761321E-10 -0.50960909E-11  0.16208972E-10 -0.22640447E-12 -0.43462809E-14  0.35254942E-14  0.50686894E-15  0.48177198E-15 -0.25628062E-14 -0.24246901E-14  0.43621337E-16  0.35777314E-15
  0.54634047E-10 -0.19971212E-11  0.92999517E-11 -0.55251442E-12 -0.16070274E-14  0.36585066E-15  0.26802897E-15  0.25717639E-15 -0.14537326E-14 -0.13813542E-14  0.10145255E-16  0.17601128E-15
  0.33672973E-10 -0.10282184E-11  0.55185979E-11 -0.34309083E-12 -0.45265761E-15 -0.13151577E-15  0.14998723E-15  0.14472775E-15 -0.88708381E-15 -0.85259993E-15  0.18952134E-17  0.87838551E-16
  0.22077070E-10 -0.61466092E-12  0.33745112E-11 -0.16687786E-12 -0.83769724E-16 -0.10521189E-15  0.88967569E-16  0.86038748E-16 -0.57823286E-15 -0.55804171E-15  0.10866940E-17  0.48280239E-16
  0.15182784E-10 -0.39265522E-12  0.21301997E-11 -0.78448548E-13  0.55361990E-17 -0.44580081E-16  0.55530407E-16  0.53776820E-16 -0.39674797E-15 -0.38361440E-15  0.71843828E-18  0.28830616E-16
  0.10851695E-10 -0.26972927E-12  0.13921194E-11 -0.40449676E-13  0.17064367E-16 -0.14142230E-16  0.36205838E-16  0.35099800E-16 -0.28332674E-15 -0.27432855E-15  0.45403094E-18  0.18238545E-16
  0.80089452E-11 -0.19638119E-12  0.94159153E-12 -0.24083509E-13  0.13223448E-16 -0.33262404E-17  0.24503035E-16  0.23770427E-16 -0.20900361E-15 -0.20257618E-15  0.29764732E-18  0.12071366E-16
  0.60717864E-11 -0.14848910E-12  0.65734699E-12 -0.16027689E-13  0.88682628E-17 -0.34909649E-18  0.17119129E-16  0.16618197E-16 -0.15838594E-15 -0.15363366E-15  0.20388759E-18  0.82950331E-17
  0.27499886E-08 -0.49189267E-09  0.66716258E-10  0.17436268E-10 -0.11870593E-14  0.11232373E-12  0.22285090E-14  0.20146078E-14 -0.75666667E-13 -0.19745310E-13  0.27593910E-13  0.44716150E-13
  0.44641531E-09  0.80489900E-11  0.53675759E-10  0.33687157E-11 -0.14715672E-13  0.44412876E-13  0.17565076E-14  0.15643302E-14 -0.13404974E-13 -0.12002661E-13 -0.95439467E-15  0.39957442E-14
  0.18438297E-09 -0.27264781E-10  0.30665903E-10 -0.26670136E-11 -0.10114599E-13  0.11253494E-13  0.93977474E-15  0.81893815E-15 -0.48243702E-14 -0.42871197E-14  0.10191024E-15  0.72747758E-15
  0.96637708E-10 -0.12500928E-10  0.16980937E-10 -0.25475869E-11 -0.41246303E-14  0.16144334E-14  0.47767230E-15  0.42003277E-15 -0.24398011E-14 -0.21138366E-14  0.56935355E-16  0.32106517E-15
  0.54764530E-10 -0.63841783E-11  0.96424008E-11 -0.15221442E-11 -0.12241402E-14 -0.17161027E-15  0.25189703E-15  0.22340432E-15 -0.13662935E-14 -0.12037026E-14  0.15877926E-16  0.14382747E-15
  0.33689729E-10 -0.37877771E-11  0.56367246E-11 -0.79785957E-12 -0.25175806E-15 -0.22591503E-15  0.14109876E-15  0.12554783E-15 -0.83386094E-15 -0.73983960E-15  0.75441552E-17  0.71274292E-16
  0.22054941E-10 -0.24134030E-11  0.34016839E-11 -0.42160043E-12 -0.99166668E-17 -0.99424773E-16  0.83738207E-16  0.74638801E-16 -0.54414896E-15 -0.48406631E-15  0.43062336E-17  0.39501484E-16
  0.15150005E-10 -0.16338185E-11  0.21308352E-11 -0.24092992E-12  0.25965058E-16 -0.30721287E-16  0.52273060E-16  0.46649741E-16 -0.37342850E-15 -0.33279890E-15  0.25641325E-17  0.23597865E-16
  0.10823966E-10 -0.11613784E-11  0.13880827E-11 -0.15025834E-12  0.20755328E-16 -0.67790212E-17  0.34080368E-16  0.30444260E-16 -0.26668338E-15 -0.23797940E-15  0.16121468E-17  0.14913281E-16
  0.79878876E-11 -0.85599927E-12  0.93827542E-12 -0.10018561E-12  0.13163111E-16 -0.58936035E-18  0.23064494E-16  0.20619879E-16 -0.19673563E-15 -0.17572475E-15  0.10639121E-17  0.98663869E-17
  0.60557352E-11 -0.64877441E-12  0.65518097E-12 -0.69913453E-13  0.84775884E-17  0.44294473E-18  0.16117022E-16  0.14414397E-16 -0.14909582E-15 -0.13326449E-15  0.72974162E-18  0.67783993E-17
  0.26675634E-08 -0.53368016E-09  0.67630334E-10 -0.23169449E-11 -0.24665123E-13  0.95065185E-13  0.20783625E-14  0.16975878E-14 -0.70360883E-13 -0.23163125E-13  0.20475469E-13  0.39009435E-13
  0.45133321E-09 -0.81210824E-10  0.57068020E-10 -0.98308397E-11 -0.22157443E-13  0.32664730E-13  0.16782726E-14  0.13403908E-14 -0.11989653E-13 -0.10015558E-13 -0.15376947E-15  0.27506123E-14
  0.19425530E-09 -0.46145992E-10  0.32746947E-10 -0.80998915E-11 -0.10553971E-13  0.60287095E-14  0.89202971E-15  0.71386209E-15 -0.46460935E-14 -0.36702474E-14  0.20581122E-15  0.67746129E-15
  0.98265580E-10 -0.20670187E-10  0.17988021E-10 -0.47050655E-11 -0.33636110E-14 -0.36768671E-17  0.45073027E-15  0.36518291E-15 -0.23091949E-14 -0.18472828E-14  0.59010849E-16  0.27038740E-15
  0.55390643E-10 -0.11246971E-10  0.10045660E-10 -0.24289403E-11 -0.73867879E-15 -0.49503530E-15  0.23786412E-15  0.19372380E-15 -0.12886817E-14 -0.10449577E-14  0.22711788E-16  0.11666876E-15
  0.34017644E-10 -0.67618747E-11  0.57687497E-11 -0.12560525E-11 -0.65299773E-16 -0.23216376E-15  0.13333261E-15  0.10885132E-15 -0.78777155E-15 -0.64144415E-15  0.11610838E-16  0.58447792E-16
  0.22232723E-10 -0.43666730E-11  0.34420359E-11 -0.69735728E-12  0.41318674E-16 -0.69767091E-16  0.79135568E-16  0.64715006E-16 -0.51424605E-15 -0.41975334E-15  0.64274151E-17  0.32447866E-16
  0.15263577E-10 -0.29855994E-11  0.21461148E-11 -0.42113205E-12  0.34833209E-16 -0.14218308E-16  0.49403770E-16  0.40448415E-16 -0.35292219E-15 -0.28856405E-15  0.38160521E-17  0.19360813E-16
  0.10904543E-10 -0.21307696E-11  0.13967459E-11 -0.27186813E-12  0.20526929E-16 -0.89825774E-18  0.32214936E-16  0.26395022E-16 -0.25205386E-15 -0.20633080E-15  0.24044298E-17  0.12230137E-16
  0.80475576E-11 -0.15720192E-11  0.94433602E-12 -0.18383150E-12  0.12271292E-16  0.95310008E-18  0.21801249E-16  0.17873542E-16 -0.18595278E-15 -0.15234721E-15  0.15876721E-17  0.80895991E-17
  0.61009493E-11 -0.11914481E-11  0.65975852E-12 -0.12855792E-12  0.81049350E-17  0.72717785E-18  0.15233396E-16  0.12496846E-16 -0.14092855E-15 -0.11553120E-15  0.10891783E-17  0.55567661E-17
  0.25665488E-08 -0.70819058E-09  0.73808740E-10 -0.24338948E-10 -0.46190937E-13  0.65346994E-13  0.19571878E-14  0.13978163E-14 -0.62901565E-13 -0.25317070E-13  0.14190212E-13  0.31180954E-13
  0.48719940E-09 -0.17599218E-09  0.63426256E-10 -0.24258565E-10 -0.25787005E-13  0.16353697E-13  0.15882485E-14  0.11318417E-14 -0.11063462E-13 -0.79849623E-14  0.61153078E-15  0.20448558E-14
  0.20453380E-09 -0.68125884E-10  0.36126393E-10 -0.14111341E-10 -0.87568362E-14  0.37011938E-15  0.83607486E-15  0.60490635E-15 -0.44094579E-14 -0.31157147E-14  0.21852767E-15  0.59060450E-15
  0.10131819E-09 -0.32168312E-10  0.19435496E-10 -0.70697369E-11 -0.18968836E-14 -0.12117780E-14  0.42225810E-15  0.30797546E-15 -0.21605168E-14 -0.15637519E-14  0.65767857E-16  0.21175615E-15
  0.56981621E-10 -0.17763291E-10  0.10563884E-10 -0.35106032E-11 -0.16036339E-15 -0.54848096E-15  0.22309855E-15  0.16327388E-15 -0.12079569E-14 -0.88076216E-15  0.28805871E-16  0.92066425E-16
  0.34904982E-10 -0.10773005E-10  0.59540410E-11 -0.18677535E-11  0.86079659E-16 -0.14658980E-15  0.12508449E-15  0.91746807E-16 -0.73896879E-15 -0.54071912E-15  0.14443724E-16  0.46346265E-16
  0.22792885E-10 -0.70132532E-11  0.35255009E-11 -0.10822512E-11  0.63849355E-16 -0.23410271E-16  0.74248145E-16  0.54539838E-16 -0.48242051E-15 -0.35380389E-15  0.79649553E-17  0.25687603E-16
  0.15648272E-10 -0.48114772E-11  0.21954102E-11 -0.67181918E-12  0.32872019E-16  0.70192661E-18  0.46355833E-16  0.34084161E-16 -0.33110799E-15 -0.24319145E-15  0.47370665E-17  0.15317973E-16
  0.11180496E-10 -0.34366168E-11  0.14299320E-11 -0.43831053E-12  0.17947848E-16  0.23663134E-17  0.30226131E-16  0.22239383E-16 -0.23649043E-15 -0.17387258E-15  0.29862472E-17  0.96738329E-17
  0.82514079E-11 -0.25354214E-11  0.96767366E-12 -0.29693935E-12  0.11424292E-16  0.13470959E-17  0.20456185E-16  0.15061180E-16 -0.17447859E-15 -0.12837302E-15  0.19722778E-17  0.63974005E-17
  0.62553435E-11 -0.19214276E-11  0.67633378E-12 -0.20766166E-12  0.80799730E-17  0.72872811E-18  0.14295715E-16  0.10528629E-16 -0.13223738E-15 -0.97346529E-16  0.13532553E-17  0.43936931E-17
  0.25292592E-08 -0.96463048E-09  0.82243471E-10 -0.40542243E-10 -0.53648215E-13  0.35888807E-13  0.18739661E-14  0.12144340E-14 -0.56679174E-13 -0.25296353E-13  0.11118698E-13  0.24833883E-13
  0.52841510E-09 -0.24090541E-09  0.70394603E-10 -0.34926578E-10 -0.23133451E-13  0.35145448E-14  0.15125056E-14  0.99347148E-15 -0.10623061E-13 -0.67887282E-14  0.90468425E-15  0.18087333E-14
  0.21370224E-09 -0.88823743E-10  0.39454406E-10 -0.18507075E-10 -0.56751845E-14 -0.26996895E-14  0.79408632E-15  0.52875180E-15 -0.41949820E-14 -0.27424516E-14  0.21116095E-15  0.49875409E-15
  0.10538627E-09 -0.42839147E-10  0.20689768E-10 -0.89254068E-11 -0.61754266E-15 -0.14001671E-14  0.40148464E-15  0.26882453E-15 -0.20522566E-14 -0.13657105E-14  0.71209226E-16  0.17481759E-15
  0.59128599E-10 -0.23772147E-10  0.11023032E-10 -0.44905079E-11  0.15841353E-15 -0.36826384E-15  0.21217757E-15  0.14250872E-15 -0.11487303E-14 -0.76890556E-15  0.31142063E-16  0.76604941E-16
  0.36185957E-10 -0.14496981E-10  0.61621593E-11 -0.24586921E-11  0.12471171E-15 -0.53097531E-16  0.11896974E-15  0.80062374E-16 -0.70279065E-15 -0.47199114E-15  0.15555114E-16  0.38505617E-16
  0.23631454E-10 -0.94599174E-11  0.36456381E-11 -0.14517607E-11  0.56998134E-16  0.28899631E-17  0.70621698E-16  0.47588084E-16 -0.45883650E-15 -0.30877460E-15  0.85884885E-17  0.21328746E-16
  0.16226433E-10 -0.64930274E-11  0.22730360E-11 -0.90706923E-12  0.27748138E-16  0.50764471E-17  0.44089718E-16  0.29738275E-16 -0.31494049E-15 -0.21221617E-15  0.51097444E-17  0.12715703E-16
  0.11593956E-10 -0.46374044E-11  0.14821752E-11 -0.59218320E-12  0.16729794E-16  0.24863583E-17  0.28751600E-16  0.19406947E-16 -0.22495100E-15 -0.15171460E-15  0.32217783E-17  0.80288740E-17
  0.85563431E-11 -0.34210856E-11  0.10033698E-11 -0.40106807E-12  0.11589479E-16  0.12459769E-17  0.19460902E-16  0.13140005E-16 -0.16597022E-15 -0.11200803E-15  0.21281358E-17  0.53088397E-17
  0.64862284E-11 -0.25926187E-11  0.70123516E-12 -0.28020515E-12  0.84630777E-17  0.80400890E-18  0.13597213E-16  0.91853082E-17 -0.12579190E-15 -0.84932670E-16  0.14603434E-17  0.36457059E-17
  0.25820978E-08 -0.13186821E-08  0.93352935E-10 -0.55201602E-10 -0.48432380E-13  0.65446055E-14  0.17868747E-14  0.10694558E-14 -0.50976419E-13 -0.23865831E-13  0.96601842E-14  0.19244258E-13
  0.57375824E-09 -0.30218010E-09  0.78802712E-10 -0.44607576E-10 -0.15574140E-13 -0.59663732E-14  0.14355588E-14  0.87456718E-15 -0.10202512E-13 -0.59425443E-14  0.95072607E-15  0.16310199E-14
  0.22630294E-09 -0.11302126E-09  0.43060457E-10 -0.22676727E-10 -0.20627440E-14 -0.36436920E-14  0.75401561E-15  0.46385497E-15 -0.39780845E-14 -0.24152031E-14  0.20763547E-15  0.41338510E-15
  0.11136068E-09 -0.54913907E-10  0.22028002E-10 -0.10969554E-10  0.30717941E-15 -0.96070064E-15  0.38141389E-15  0.23574510E-15 -0.19491918E-14 -0.11981025E-14  0.72811201E-16  0.14582490E-15
  0.62388907E-10 -0.30625075E-10  0.11604514E-10 -0.56626029E-11  0.26426559E-15 -0.12441172E-15  0.20158835E-15  0.12495048E-15 -0.10913206E-14 -0.67440908E-15  0.31652221E-16  0.63888988E-16
  0.38184404E-10 -0.18724460E-10  0.64803173E-11 -0.31595565E-11  0.10536037E-15  0.99939004E-17  0.11303860E-15  0.70189102E-16 -0.66771849E-15 -0.41384837E-15  0.15827555E-16  0.32080587E-16
  0.24942013E-10 -0.12224323E-10  0.38411766E-11 -0.18777623E-11  0.44738070E-16  0.11162422E-16  0.67104089E-16  0.41716719E-16 -0.43596754E-15 -0.27068636E-15  0.87431353E-17  0.17764348E-16
  0.17127091E-10 -0.83898283E-11  0.23982220E-11 -0.11738266E-11  0.25527634E-16  0.46762794E-17  0.41898167E-16  0.26066987E-16 -0.29925563E-15 -0.18601651E-15  0.52029340E-17  0.10588208E-16
  0.12237040E-10 -0.59917850E-11  0.15642511E-11 -0.76581496E-12  0.17384118E-16  0.22140924E-17  0.27322836E-16  0.17005798E-16 -0.21375532E-15 -0.13297408E-15  0.32810806E-17  0.66844569E-17
  0.90304474E-11 -0.44202879E-11  0.10589079E-11 -0.51816776E-12  0.12477193E-16  0.14480460E-17  0.18490307E-16  0.11515426E-16 -0.15771371E-15 -0.98165772E-16  0.21675604E-17  0.44193750E-17
  0.68453938E-11 -0.33498993E-11  0.74015524E-12 -0.36209230E-12  0.91393141E-17  0.11010350E-17  0.12922495E-16  0.80507319E-17 -0.11953576E-15 -0.74434158E-16  0.14875239E-17  0.30346301E-17
  0.28567216E-08 -0.18854532E-08  0.11117244E-09 -0.72286793E-10 -0.23038344E-13 -0.18128982E-13  0.16574546E-14  0.91510036E-15 -0.44982917E-13 -0.20760601E-13  0.91692348E-14  0.13894635E-13
  0.64367078E-09 -0.39264569E-09  0.91216926E-10 -0.56530327E-10 -0.26416032E-14 -0.88171156E-14  0.13301149E-14  0.74424309E-15 -0.95015270E-14 -0.51211840E-14  0.85312745E-15  0.13446247E-14
  0.25115683E-09 -0.15039127E-09  0.48226780E-10 -0.28773142E-10  0.11616681E-14 -0.19046761E-14  0.69923285E-15  0.39403851E-15 -0.36855554E-14 -0.20555759E-14  0.19720395E-15  0.32471735E-15
  0.12335120E-09 -0.73494011E-10  0.24279945E-10 -0.14343482E-10  0.58126727E-15 -0.11374463E-15  0.35378623E-15  0.20015240E-15 -0.18077284E-14 -0.10180811E-14  0.69177309E-16  0.11502056E-15
  0.69110656E-10 -0.41122182E-10  0.12785311E-10 -0.75731588E-11  0.17831790E-15  0.53930796E-16  0.18700003E-15  0.10603819E-15 -0.10122402E-14 -0.57261958E-15  0.30096432E-16  0.50296128E-16
  0.42312102E-10 -0.25156262E-10  0.71642985E-11 -0.42538978E-11  0.70855951E-16  0.23450262E-16  0.10486501E-15  0.59547465E-16 -0.61939814E-15 -0.35122668E-15  0.15062846E-16  0.25240698E-16
  0.27638934E-10 -0.16421927E-10  0.42544069E-11 -0.25269836E-11  0.42477129E-16  0.83302628E-17  0.62252431E-16  0.35383395E-16 -0.40444513E-15 -0.22966714E-15  0.83240597E-17  0.13971554E-16
  0.18977323E-10 -0.11270480E-10  0.26572005E-11 -0.15775459E-11  0.29089186E-16  0.45319052E-17  0.38866572E-16  0.22108875E-16 -0.27763124E-15 -0.15780062E-15  0.49548949E-17  0.83255021E-17
  0.13557943E-10 -0.80494237E-11  0.17332553E-11 -0.10286958E-11  0.20392255E-16  0.32513238E-17  0.25348015E-16  0.14425798E-16 -0.19831539E-15 -0.11279133E-15  0.31252414E-17  0.52550967E-17
  0.10004830E-10 -0.59386140E-11  0.11731532E-11 -0.69635663E-12  0.14582847E-16  0.24589727E-17  0.17157985E-16  0.97650448E-17 -0.14632636E-15 -0.83260909E-16  0.20648840E-17  0.34739473E-17
  0.75837554E-11 -0.45008516E-11  0.81982088E-12 -0.48642024E-12  0.10683928E-16  0.18851357E-17  0.11987734E-16  0.68263733E-17 -0.11090804E-15 -0.63128235E-16  0.14172013E-17  0.23852280E-17
  0.31407145E-08 -0.22433465E-08  0.12272419E-09 -0.82045628E-10 -0.50797091E-14 -0.18758853E-13  0.15710503E-14  0.83601613E-15 -0.42215834E-13 -0.18890666E-13  0.89319528E-14  0.11833527E-13
  0.69695855E-09 -0.45667237E-09  0.99130615E-10 -0.64348217E-10  0.24853218E-14 -0.54165492E-14  0.12613354E-14  0.67844531E-15 -0.90043810E-14 -0.46992602E-14  0.78040293E-15  0.11641040E-14
  0.27166539E-09 -0.17608408E-09  0.51923438E-10 -0.33303715E-10  0.14555711E-14 -0.42643003E-15  0.66321168E-15  0.35894578E-15 -0.34951068E-14 -0.18745993E-14  0.18421478E-15  0.28071640E-15
  0.13341322E-09 -0.86226610E-10  0.26158765E-10 -0.16815459E-10  0.39844399E-15  0.13338190E-15  0.33556699E-15  0.18224423E-15 -0.17145615E-14 -0.92751439E-15  0.64619888E-16  0.99314395E-16
  0.74764173E-10 -0.48262018E-10  0.13814616E-10 -0.89038397E-11  0.13039049E-15  0.56024428E-16  0.17738327E-15  0.96531073E-16 -0.96014844E-15 -0.52140958E-15  0.28135504E-16  0.43406838E-16
  0.45772367E-10 -0.29522443E-10  0.77502641E-11 -0.49965743E-11  0.73469479E-16  0.17626520E-16  0.99474497E-16  0.54203711E-16 -0.58754809E-15 -0.31972992E-15  0.14086181E-16  0.21777416E-16
  0.29896934E-10 -0.19272504E-10  0.46027826E-11 -0.29661578E-11  0.49204920E-16  0.91673389E-17  0.59056061E-16  0.32206126E-16 -0.38365940E-15 -0.20903841E-15  0.77859689E-17  0.12052515E-16
  0.20526801E-10 -0.13227520E-10  0.28743011E-11 -0.18519913E-11  0.33545621E-16  0.64532520E-17  0.36876329E-16  0.20118014E-16 -0.26336884E-15 -0.14361436E-15  0.46352311E-17  0.71811966E-17
  0.14664605E-10 -0.94477374E-11  0.18742581E-11 -0.12075173E-11  0.23364005E-16  0.47466007E-17  0.24045283E-16  0.13121970E-16 -0.18813269E-15 -0.10264441E-15  0.29238957E-17  0.45324763E-17
  0.10821242E-10 -0.69705014E-11  0.12688066E-11 -0.81704193E-12  0.16745762E-16  0.35443127E-17  0.16273568E-16  0.88869866E-17 -0.13881486E-15 -0.75766367E-16  0.19319868E-17  0.29960977E-17
  0.82026991E-11 -0.52830249E-11  0.88673984E-12 -0.57112745E-12  0.12329735E-16  0.27029917E-17  0.11374516E-16  0.62110152E-17 -0.10521674E-15 -0.57446057E-16  0.13260595E-17  0.20570596E-17
  0.34924467E-08 -0.26053256E-08  0.13456771E-09 -0.93010889E-10  0.61107965E-14 -0.10346157E-13  0.14781111E-14  0.76326929E-15 -0.39752913E-13 -0.17340752E-13  0.83595230E-14  0.10311436E-13
  0.76171447E-09 -0.52979854E-09  0.10783165E-09 -0.73833333E-10  0.36187174E-14 -0.11737335E-14  0.11870682E-14  0.61856687E-15 -0.84675440E-14 -0.43033053E-14  0.70577620E-15  0.99659292E-15
  0.29686627E-09 -0.20490942E-09  0.56475439E-10 -0.38719067E-10  0.95096907E-15  0.35338424E-15  0.62420824E-15  0.32703522E-15 -0.32891897E-14 -0.17099718E-14  0.16761531E-15  0.24064836E-15
  0.14581678E-09 -0.10041452E-09  0.28548501E-10 -0.19622722E-10  0.25962631E-15  0.14160781E-15  0.31585190E-15  0.16597891E-15 -0.16137081E-14 -0.84513840E-15  0.58860294E-16  0.85056185E-16
  0.81713772E-10 -0.56203020E-10  0.15097594E-10 -0.10379543E-10  0.13806839E-15  0.39800541E-16  0.16695739E-15  0.87882225E-16 -0.90372376E-15 -0.47486635E-15  0.25640937E-16  0.37162469E-16
  0.50022714E-10 -0.34381587E-10  0.84704140E-11 -0.58203718E-11  0.90338767E-16  0.20078957E-16  0.93634777E-16  0.49338463E-16 -0.55304321E-15 -0.29111629E-15  0.12840874E-16  0.18640988E-16
  0.32671602E-10 -0.22446426E-10  0.50292107E-11 -0.34548376E-11  0.59519019E-16  0.13796740E-16  0.55588379E-16  0.29308522E-16 -0.36114063E-15 -0.19030435E-15  0.70988589E-17  0.10315498E-16
  0.22431408E-10 -0.15407049E-10  0.31402904E-11 -0.21566753E-11  0.40185782E-16  0.97900868E-17  0.34705810E-16  0.18308512E-16 -0.24791824E-15 -0.13073135E-15  0.42266549E-17  0.61457874E-17
  0.16025132E-10 -0.11004905E-10  0.20482485E-11 -0.14060478E-11  0.28086554E-16  0.70855022E-17  0.22631255E-16  0.11947276E-16 -0.17709904E-15 -0.93431369E-16  0.26663818E-17  0.38787815E-17
  0.11825410E-10 -0.81196305E-11  0.13865521E-11 -0.95208003E-12  0.20255386E-16  0.52685565E-17  0.15322643E-16  0.80876306E-17 -0.13067699E-15 -0.68965549E-16  0.17619389E-17  0.25639039E-17
  0.89639199E-11 -0.61543648E-11  0.96866407E-12 -0.66513694E-12  0.15003317E-16  0.40166373E-17  0.10704683E-16  0.56507714E-17 -0.99052366E-16 -0.52287635E-16  0.12094007E-17  0.17602863E-17
  0.40815865E-08 -0.32104822E-08  0.15403541E-09 -0.11486692E-09  0.58372942E-14  0.14358917E-14  0.13364094E-14  0.66342588E-15 -0.36134760E-13 -0.15542591E-13  0.70344397E-14  0.83527313E-14
  0.87865453E-09 -0.66128501E-09  0.12359917E-09 -0.92236945E-10  0.15999029E-14  0.11211048E-14  0.10734003E-14  0.53672225E-15 -0.76538188E-14 -0.37515681E-14  0.59540837E-15  0.78005017E-15
  0.34240373E-09 -0.25612544E-09  0.65025324E-10 -0.48541657E-10  0.56162130E-15  0.29352121E-15  0.56447306E-15  0.28347426E-15 -0.29742333E-14 -0.14844226E-14  0.14166778E-15  0.18820901E-15
  0.16816974E-09 -0.12553356E-09  0.32927202E-10 -0.24561593E-10  0.34135863E-15  0.99697424E-16  0.28564522E-15  0.14377438E-15 -0.14593524E-14 -0.73262689E-15  0.49802538E-16  0.66478266E-16
  0.94227864E-10 -0.70270803E-10  0.17411794E-10 -0.12978911E-10  0.21110958E-15  0.60444868E-16  0.15099685E-15  0.76110207E-16 -0.81733840E-15 -0.41140724E-15  0.21705494E-16  0.29036795E-16
  0.57680158E-10 -0.42993691E-10  0.97658385E-11 -0.72765833E-11  0.13169562E-15  0.39687727E-16  0.84675174E-16  0.42721143E-16 -0.50020779E-15 -0.25213490E-15  0.10872922E-16  0.14562786E-16
  0.37672725E-10 -0.28072222E-10  0.57985800E-11 -0.43191108E-11  0.85881030E-16  0.26630202E-16  0.50268294E-16  0.25380298E-16 -0.32665741E-15 -0.16479380E-15  0.60119236E-17  0.80579914E-17
  0.25865527E-10 -0.19270133E-10  0.36213471E-11 -0.26968883E-11  0.58470350E-16  0.18559399E-16  0.31390835E-16  0.15856140E-16 -0.22425751E-15 -0.11319727E-15  0.35799140E-17  0.48005573E-17
  0.18479459E-10 -0.13765181E-10  0.23616060E-11 -0.17593547E-11  0.41274280E-16  0.13398166E-16  0.20475655E-16  0.10339953E-16 -0.16020672E-15 -0.80899957E-16  0.22585847E-17  0.30296822E-17
  0.13637126E-10 -0.10157390E-10  0.15979876E-11 -0.11904871E-11  0.30044838E-16  0.99613043E-17  0.13855153E-16  0.69973900E-17 -0.11822251E-15 -0.59713841E-16  0.14925730E-17  0.20026166E-17
  0.10337751E-10 -0.76992368E-11  0.11173205E-11 -0.83159626E-12  0.22454352E-16  0.75923744E-17  0.96820990E-17  0.48958501E-17 -0.89615915E-16 -0.45274619E-16  0.10245686E-17  0.13749232E-17
  0.46513599E-08 -0.38727815E-08  0.17463363E-09 -0.13962275E-09  0.28708068E-14  0.22244389E-14  0.12283782E-14  0.58986801E-15 -0.33246320E-13 -0.14185707E-13  0.60219265E-14  0.68700911E-14
  0.99862509E-09 -0.80189477E-09  0.14038023E-09 -0.11208434E-09  0.15102626E-14  0.69910900E-15  0.98651361E-15  0.47647472E-15 -0.70341601E-14 -0.33410063E-14  0.51595938E-15  0.63493158E-15
  0.38899394E-09 -0.31066392E-09  0.73882829E-10 -0.58901051E-10  0.91745741E-15  0.29688561E-15  0.51877118E-15  0.25147984E-15 -0.27335250E-14 -0.13182367E-14  0.12286602E-15  0.15302184E-15
  0.19102316E-09 -0.15228631E-09  0.37401477E-10 -0.29792158E-10  0.52912230E-15  0.17792923E-15  0.26252338E-15  0.12751672E-15 -0.13413118E-14 -0.65004175E-15  0.43207426E-16  0.54030739E-16
  0.10702931E-09 -0.85257213E-10  0.19774154E-10 -0.15745428E-10  0.31270733E-15  0.10878216E-15  0.13877708E-15  0.67482383E-16 -0.75126742E-15 -0.36489584E-15  0.18834313E-16  0.23596287E-16
  0.65518794E-10 -0.52168107E-10  0.11090298E-10 -0.88297042E-11  0.19548250E-15  0.69198817E-16  0.77830499E-16  0.37867259E-16 -0.45980509E-15 -0.22359843E-15  0.94356447E-17  0.11833361E-16
  0.42794888E-10 -0.34065660E-10  0.65844088E-11 -0.52414776E-11  0.12847118E-15  0.46247600E-16  0.46205702E-16  0.22490786E-16 -0.30029557E-15 -0.14613598E-15  0.52176092E-17  0.65475173E-17
  0.29384721E-10 -0.23386837E-10  0.41114757E-11 -0.32717479E-11  0.88081475E-16  0.32230616E-16  0.28846228E-16  0.14049715E-16 -0.20617930E-15 -0.10038237E-15  0.31071169E-17  0.39006583E-17
  0.20995274E-10 -0.16707546E-10  0.26827209E-11 -0.21337696E-11  0.62601114E-16  0.23260434E-16  0.18816642E-16  0.91714102E-17 -0.14730497E-15 -0.71742900E-16  0.19604038E-17  0.24617639E-17
  0.15495744E-10 -0.12329245E-10  0.18155735E-11 -0.14451289E-11  0.45873434E-16  0.17288778E-16  0.12740482E-16  0.62047416E-17 -0.10871085E-15 -0.52962936E-16  0.12955907E-17  0.16272529E-17
  0.11747941E-10 -0.93472829E-11  0.12685750E-11 -0.10090786E-11  0.34505891E-16  0.13175461E-16  0.88984502E-17  0.43374480E-17 -0.82418898E-16 -0.40157518E-16  0.88939821E-18  0.11172423E-17
  0.54915584E-08 -0.48251705E-08  0.20542724E-09 -0.17417569E-09  0.47814698E-14  0.17901051E-14  0.11239068E-14  0.52434014E-15 -0.30460725E-13 -0.12884595E-13  0.51503876E-14  0.56025023E-14
  0.11752187E-08 -0.99960787E-09  0.16514232E-09 -0.13973017E-09  0.29099970E-14  0.10550555E-14  0.90272503E-15  0.42332911E-15 -0.64381427E-14 -0.29769088E-14  0.44227668E-15  0.51453980E-15
  0.45754912E-09 -0.38732540E-09  0.86880263E-10 -0.73425751E-10  0.15825668E-14  0.60087474E-15  0.47470213E-15  0.22329025E-15 -0.25016841E-14 -0.11716307E-14  0.10534427E-15  0.12385539E-15
  0.22466805E-09 -0.18989131E-09  0.43973478E-10 -0.37142333E-10  0.88537397E-15  0.34141982E-15  0.24021117E-15  0.11317325E-15 -0.12275989E-14 -0.57731883E-15  0.37049502E-16  0.43715299E-16
  0.12588794E-09 -0.10632569E-09  0.23252018E-10 -0.19631328E-10  0.52575459E-15  0.20494961E-15  0.12699205E-15  0.59894803E-16 -0.68765219E-15 -0.32399977E-15  0.16151240E-16  0.19088388E-16
  0.77070805E-10 -0.65067986E-10  0.13043511E-10 -0.11007575E-10  0.33045620E-15  0.13029518E-15  0.71221100E-16  0.33620375E-16 -0.42091823E-15 -0.19852948E-15  0.80920190E-17  0.95721336E-17
  0.50347641E-10 -0.42495809E-10  0.77457090E-11 -0.65353924E-11  0.21835286E-15  0.87040232E-16  0.42289646E-16  0.19972298E-16 -0.27493999E-15 -0.12976031E-15  0.44749349E-17  0.52963192E-17
  0.34577914E-10 -0.29178238E-10  0.48374229E-11 -0.40821847E-11  0.15056096E-15  0.60632316E-16  0.26414437E-16  0.12474118E-16 -0.18880043E-15 -0.89152002E-16  0.26650462E-17  0.31553373E-17
  0.24711791E-10 -0.20851031E-10  0.31529236E-11 -0.26624474E-11  0.10761884E-15  0.43752084E-16  0.17224061E-16  0.81279069E-17 -0.13492564E-15 -0.63727966E-16  0.16816187E-17  0.19914720E-17
  0.18242351E-10 -0.15390420E-10  0.21351555E-11 -0.18008315E-11  0.79301141E-16  0.32513445E-16  0.11655126E-16  0.55088547E-17 -0.99596356E-16 -0.47053354E-16  0.11114448E-17  0.13164676E-17
  0.13834884E-10 -0.11669891E-10  0.14932706E-11 -0.12601456E-11  0.59964756E-16  0.24780842E-16  0.81542658E-17  0.38516704E-17 -0.75525326E-16 -0.35692066E-16  0.76305854E-18  0.90393258E-18
